1 33 1
2 96 96
3 32 32
4 65 34
5 31 66
6 33 5
7 32 40
8 64 75
9 97 82
10 32 53
11 32 57
12 97 90
13 99 30
14 64 91
15 66 31
16 67 1
17 65 63
18 0 30
19 34 0
20 31 93
21 0 31
22 67 3
23 31 97
24 98 72
25 32 72
26 98 78
27 0 49
28 33 51
29 98 87
30 67 30
31 0 59
32 0 62
33 66 68
34 1 35
35 68 10
36 99 73
37 67 43
38 68 13
39 68 15
40 34 48
41 2 23
42 33 88
43 0 90
44 67 61
45 34 62
46 36 0
47 99 96
48 68 33
49 2 31
50 1 69
51 34 71
52 69 11
53 68 44
54 68 48
55 1 79
56 36 20
57 68 53
58 36 26
59 69 28
60 34 92
61 3 30
62 34 93
63 4 0
64 34 98
65 35 68
66 68 72
67 70 16
68 3 46
69 70 18
70 68 81
71 36 49
72 2 82
73 4 22
74 36 55
75 37 24
76 4 26
77 38 0
78 71 1
79 71 2
80 71 3
81 38 2
82 2 95
83 2 96
84 3 65
85 37 36
86 3 67
87 4 36
88 37 40
89 4 42
90 71 13
91 38 13
92 37 47
93 3 81
94 3 84
95 37 55
96 3 85
97 37 58
98 70 60
99 37 60
100 39 3
101 4 65
102 5 34
103 72 6
104 5 36
105 70 79
106 6 16
107 72 21
108 4 82
109 71 53
110 72 25
111 37 86
112 38 56
113 37 90
114 70 95
115 72 34
116 73 5
117 70 99
118 37 98
119 5 67
120 40 9
121 39 41
122 73 12
123 72 45
124 6 43
125 6 46
126 40 16
127 73 18
128 5 80
129 7 20
130 7 23
131 73 25
132 39 58
133 40 40
134 6 70
135 41 10
136 39 73
137 40 50
138 40 53
139 6 86
140 7 56
141 40 62
142 39 94
143 40 63
144 74 34
145 41 33
146 73 71
147 75 9
148 40 73
149 42 13
150 42 15
151 40 78
152 73 80
153 40 80
154 9 19
155 75 21
156 41 52
157 75 22
158 7 85
159 73 87
160 42 26
161 7 87
162 74 61
163 9 28
164 8 60
165 40 94
166 42 35
167 41 66
168 41 68
169 40 99
170 74 72
171 9 39
172 75 43
173 10 11
174 74 75
175 76 15
176 9 46
177 74 84
178 75 54
179 75 58
180 8 91
181 41 94
182 77 4
183 43 35
184 11 4
185 10 35
186 43 37
187 41 99
188 11 6
189 76 41
190 76 42
191 11 11
192 43 46
193 10 48
194 43 49
195 43 51
196 44 25
197 44 26
198 44 27
199 11 29
200 11 31
201 76 65
202 42 97
203 9 99
204 45 9
205 43 71
206 76 75
207 77 47
208 11 45
209 45 16
210 78 19
211 11 48
212 12 21
213 11 55
214 77 59
215 44 78
216 44 79
217 78 50
218 11 89
219 78 60
220 80 0
221 78 63
222 14 0
223 12 63
224 11 96
225 46 40
226 79 41
227 14 8
228 12 70
229 78 73
230 45 73
231 80 13
232 14 12
233 12 77
234 45 78
235 14 18
236 12 82
237 79 59
238 13 57
239 13 58
240 80 29
241 80 30
242 81 0
243 12 91
244 78 93
245 81 1
246 14 30
247 12 94
248 80 36
249 47 36
250 45 98
251 15 4
252 81 9
253 46 79
254 48 18
255 80 52
256 13 82
257 13 83
258 47 54
259 79 90
260 80 60
261 15 28
262 79 97
263 49 5
264 47 67
265 80 72
266 81 43
267 82 13
268 48 47
269 47 78
270 47 79
271 15 49
272 80 83
273 80 85
274 49 23
275 48 59
276 16 28
277 83 0
278 82 32
279 80 96
280 48 65
281 17 2
282 82 36
283 47 98
284 49 37
285 49 39
286 16 44
287 83 16
288 81 82
289 83 20
290 49 51
291 15 82
292 81 87
293 16 56
294 50 27
295 15 92
296 17 31
297 48 94
298 82 66
299 50 35
300 51 4
301 51 8
302 50 48
303 17 47
304 83 49
305 51 21
306 50 61
307 17 60
308 50 66
309 19 4
310 17 67
311 50 68
312 83 70
313 83 71
314 51 49
315 51 51
316 18 51
317 19 23
318 50 88
319 52 28
320 85 33
321 84 64
322 20 0
323 84 70
324 18 68
325 53 13
326 18 76
327 84 85
328 52 54
329 19 54
330 86 25
331 85 58
332 84 89
333 51 90
334 51 96
335 86 36
336 51 98
337 19 71
338 85 77
339 52 77
340 53 46
341 19 77
342 21 16
343 52 80
344 85 82
345 54 20
346 20 50
347 54 21
348 53 53
349 54 23
350 54 24
351 85 88
352 54 26
353 53 62
354 52 93
355 88 8
356 55 12
357 53 75
358 22 13
359 54 53
360 20 84
361 55 23
362 88 25
363 21 60
364 54 62
365 56 1
366 54 63
367 87 77
368 55 47
369 55 49
370 22 48
371 89 20
372 89 21
373 87 83
374 89 24
375 21 88
376 55 64
377 89 35
378 57 8
379 88 71
380 56 43
381 57 20
382 23 57
383 57 28
384 25 0
385 91 3
386 57 33
387 88 97
388 57 36
389 25 13
390 57 47
391 57 55
392 57 63
393 23 94
394 25 33
395 24 66
396 56 98
397 57 69
398 59 8
399 57 76
400 59 16
401 24 77
402 58 49
403 91 53
404 57 86
405 90 87
406 26 24
407 26 25
408 59 27
409 90 91
410 24 89
411 92 34
412 60 7
413 25 68
414 26 42
415 92 46
416 58 80
417 58 81
418 58 85
419 58 86
420 93 26
421 91 89
422 91 90
423 92 59
424 26 61
425 92 64
426 58 94
427 94 5
428 59 67
429 58 99
430 93 41
431 26 70
432 92 75
433 59 75
434 92 76
435 61 14
436 60 46
437 94 20
438 60 52
439 60 54
440 93 57
441 28 26
442 26 93
443 95 2
444 60 64
445 26 95
446 28 38
447 62 10
448 95 11
449 28 43
450 62 14
451 61 47
452 29 17
453 27 79
454 94 55
455 62 23
456 28 55
457 95 27
458 94 59
459 27 88
460 61 61
461 61 62
462 30 3
463 30 4
464 96 9
465 94 76
466 94 77
467 62 48
468 62 52
469 63 21
470 94 85
471 62 54
472 28 86
473 61 94
474 64 6
475 31 9
476 63 45
477 29 76
478 62 84
479 63 53
480 95 89
481 64 28
482 31 30
483 62 95
484 31 33
485 30 65
486 32 6
487 96 72
488 98 12
489 64 43
490 64 45
491 65 18
492 97 50
493 30 80
494 63 83
495 30 83
496 63 85
497 64 58
498 96 93
499 99 0
500 65 31